0 94
0 132
0 234
0 313
0 329
0 465
0 809
1 62
1 339
1 549
1 769
1 917
2 43
2 62
2 129
2 154
2 271
2 345
2 885
2 945
4 95
4 213
4 302
4 455
4 465
4 497
5 38
5 89
5 159
5 416
5 508
6 119
6 317
6 364
6 420
6 457
6 821
6 837
6 866
7 14
8 317
9 113
9 708
9 992
10 182
10 393
10 425
11 91
11 95
11 131
11 200
11 321
11 623
11 626
11 649
11 783
11 990
12 63
12 290
12 390
12 576
12 723
12 983
13 373
13 677
13 857
13 994
14 587
14 657
14 932
15 38
15 235
15 303
15 587
15 988
16 103
16 305
16 329
16 492
16 611
16 828
16 908
17 67
18 497
18 808
18 890
19 29
19 104
19 300
19 381
19 446
19 520
19 590
19 807
19 958
20 25
20 244
20 496
20 604
20 797
20 798
20 808
20 895
21 190
21 254
21 580
21 660
22 210
22 731
22 732
23 319
23 376
23 732
24 179
24 321
24 352
24 449
24 659
25 61
25 239
25 307
25 543
26 315
26 556
26 652
26 725
26 758
26 775
26 980
27 93
27 192
27 546
27 608
27 805
28 95
28 157
28 230
28 946
29 173
29 850
30 415
30 866
30 966
31 261
31 303
31 307
31 682
31 826
32 391
32 437
32 447
32 553
32 676
33 248
33 410
33 594
33 798
34 160
34 465
34 504
35 66
35 332
35 487
35 577
35 685
35 774
36 590
36 768
36 829
36 838
37 192
37 783
37 833
37 834
37 840
38 149
38 255
38 433
38 581
38 744
39 877
39 923
40 160
40 305
40 318
40 334
40 471
40 915
40 926
41 209
41 245
41 251
41 269
41 305
41 375
41 393
41 428
41 557
41 779
41 855
41 933
41 997
42 43
42 157
42 460
42 487
42 599
42 991
43 715
43 901
43 943
44 122
44 566
44 898
45 143
45 386
45 727
45 781
45 838
45 940
46 641
46 652
46 728
46 738
46 804
46 969
46 992
47 162
47 553
47 839
47 942
47 953
48 176
48 453
48 550
49 98
49 193
49 293
49 316
49 377
49 448
49 526
49 831
50 95
50 217
50 257
50 449
50 704
50 791
51 419
51 635
51 838
51 984
52 512
52 546
52 590
52 728
52 787
53 679
53 946
54 525
54 717
54 766
55 290
55 399
55 493
55 804
55 880
55 933
56 574
56 730
56 949
57 168
57 419
57 464
57 847
57 875
57 879
58 86
58 119
58 138
58 736
58 979
58 984
59 322
59 356
59 841
59 844
60 407
61 83
61 187
61 232
61 290
61 310
61 486
61 869
62 427
62 782
63 379
63 413
63 765
63 807
63 923
64 97
64 290
64 374
64 474
64 528
64 536
64 593
65 486
65 660
66 648
66 777
67 627
67 663
67 752
67 821
67 881
67 972
68 260
68 913
68 956
68 969
69 200
69 248
69 368
69 450
69 664
70 156
70 270
70 358
70 491
70 509
71 197
71 672
71 843
71 939
72 253
72 362
72 655
72 773
74 250
74 252
74 374
74 421
74 520
74 672
74 726
75 139
75 417
75 419
75 488
75 836
75 846
76 352
76 426
76 669
77 196
77 337
77 671
77 794
78 105
78 129
78 337
78 365
78 720
79 115
79 282
79 403
79 507
80 306
80 312
80 344
80 573
80 789
81 123
81 817
82 170
82 214
82 409
82 897
83 180
83 271
83 313
83 403
83 407
83 703
84 172
84 809
84 955
85 154
85 668
85 682
87 529
87 923
88 406
88 459
88 503
88 657
88 731
88 808
88 965
89 225
89 288
89 428
89 845
89 915
90 215
90 267
90 374
90 612
90 682
90 765
90 876
91 576
91 709
91 841
91 887
91 924
92 179
92 208
92 350
92 487
92 574
93 208
93 456
93 846
94 278
94 306
94 666
94 873
95 215
95 230
95 741
95 793
95 860
95 903
96 474
96 648
97 158
97 198
97 422
97 520
97 746
97 828
97 830
98 118
98 253
98 357
98 434
98 728
99 109
99 468
99 497
99 511
100 255
100 603
101 127
101 253
101 768
101 958
102 733
102 908
102 971
103 249
103 294
103 328
103 953
104 150
104 479
105 281
105 426
105 530
106 691
107 238
107 389
107 623
107 778
107 956
108 115
108 190
108 252
108 533
108 543
108 664
108 947
110 176
110 237
110 335
110 398
110 472
110 620
110 831
111 193
111 194
111 450
111 519
111 579
111 633
111 690
111 894
112 280
112 981
113 383
113 429
113 578
113 714
113 781
113 883
114 557
114 561
115 375
115 447
115 451
115 478
115 658
115 767
115 987
116 137
116 363
116 588
116 746
116 786
117 264
117 328
117 671
117 765
117 911
118 189
118 433
118 615
118 674
118 741
118 789
118 994
119 164
119 454
119 838
119 880
120 209
120 212
120 886
121 215
121 514
121 579
122 356
123 278
123 608
124 279
124 281
125 611
125 652
125 794
125 960
126 303
126 535
127 186
127 813
127 916
128 140
128 578
128 841
128 941
128 976
129 280
129 290
129 314
129 407
129 413
129 557
129 704
129 713
130 466
130 815
131 203
131 445
131 460
131 791
131 804
131 887
132 162
132 319
132 505
132 561
133 245
133 326
133 421
133 663
133 670
133 691
133 910
134 297
134 359
135 880
135 884
135 988
136 232
136 247
136 424
136 788
136 827
136 857
137 425
137 695
137 796
137 820
137 888
138 265
139 346
139 449
139 848
139 905
139 922
140 841
142 199
142 316
142 415
142 480
142 505
142 676
142 867
142 979
143 214
143 620
143 650
143 768
143 896
144 649
144 788
144 811
145 516
145 586
145 687
146 206
146 217
146 294
146 617
146 747
146 949
147 277
147 508
147 654
148 339
148 375
148 510
149 190
149 702
150 518
150 687
150 956
152 175
152 321
152 425
152 588
152 852
153 209
153 310
153 557
153 606
153 756
154 394
154 632
154 753
155 221
155 285
155 463
155 627
155 873
155 978
156 185
156 474
156 518
156 521
157 297
157 872
157 893
158 167
159 278
159 334
159 363
159 387
159 560
159 740
160 241
160 404
160 461
161 209
161 256
161 716
161 841
161 991
162 247
162 483
162 744
162 816
162 833
162 883
162 970
163 334
163 354
163 369
163 424
163 554
163 570
163 631
163 951
163 971
163 985
164 167
164 627
164 802
164 865
164 942
165 340
165 386
165 768
166 248
167 272
167 333
167 492
167 933
168 187
168 263
168 536
169 390
169 641
169 740
169 885
170 420
170 480
170 840
171 296
171 563
171 717
171 919
172 191
172 360
172 375
172 780
173 534
173 656
174 189
174 381
174 427
174 480
174 685
174 695
174 766
174 768
175 282
175 363
175 455
175 748
175 822
175 921
175 951
176 284
176 626
176 787
176 921
177 216
177 265
177 692
177 720
177 734
178 562
178 573
178 693
178 723
178 760
178 777
178 980
179 595
179 644
179 779
179 918
180 365
180 615
180 716
181 399
182 309
182 321
182 510
182 608
182 633
183 227
183 375
183 710
183 795
183 885
184 591
184 612
184 756
185 190
185 478
185 703
185 728
185 850
186 205
186 372
186 374
186 468
186 609
186 794
186 871
186 932
187 253
187 455
188 296
188 500
188 503
188 557
188 682
188 807
189 218
189 266
190 292
190 446
190 823
191 252
191 270
191 558
191 739
192 377
192 482
192 570
192 863
193 263
193 273
193 373
193 457
193 822
193 854
193 992
194 212
194 512
194 689
194 815
195 516
195 580
195 590
195 711
195 717
195 720
196 229
196 514
196 862
197 533
197 795
197 943
197 965
198 211
198 703
198 868
198 885
198 888
198 993
199 357
199 359
199 467
199 683
199 746
199 803
199 825
200 284
200 462
200 534
200 961
202 349
202 418
202 974
203 239
203 414
203 515
203 520
203 560
204 271
204 449
204 526
204 548
204 724
204 757
204 920
205 298
205 554
205 636
206 307
206 535
206 729
206 926
207 660
207 691
207 754
208 230
208 312
208 356
208 374
208 639
208 718
209 358
209 593
209 978
210 257
210 851
211 245
211 278
211 727
211 750
211 887
212 298
212 633
212 664
212 857
212 889
213 482
213 538
213 616
214 289
214 752
214 996
215 295
215 404
215 726
215 750
215 900
216 219
216 264
216 549
216 592
216 668
217 510
217 551
217 902
218 377
218 523
218 900
219 259
219 261
219 340
219 581
219 725
219 884
219 935
220 334
220 619
221 253
221 538
221 754
221 788
222 223
222 256
222 331
222 357
222 403
222 443
223 261
223 695
224 681
224 687
224 788
225 272
225 309
225 397
225 415
225 549
225 700
225 790
225 814
225 879
226 557
226 667
226 693
226 999
227 334
227 854
228 279
228 499
228 540
228 574
229 284
229 477
229 674
229 810
229 830
229 835
230 311
230 593
230 931
231 480
231 892
232 237
232 401
232 636
232 692
233 691
234 356
234 576
234 610
234 699
234 905
235 279
235 540
235 850
236 657
236 977
237 352
237 448
237 480
237 503
237 777
238 499
238 777
239 240
239 398
240 310
240 555
240 628
240 633
241 316
241 878
242 398
242 411
242 439
242 548
242 567
242 597
242 631
243 316
243 386
243 525
243 600
243 653
244 799
245 401
245 433
245 534
245 759
246 308
246 481
246 679
246 827
247 347
247 421
247 637
248 499
248 752
248 941
249 365
249 381
249 575
249 739
249 741
249 809
249 902
250 458
250 472
250 484
251 356
251 460
251 514
251 699
251 758
251 804
251 844
251 983
252 277
252 668
252 689
252 808
253 407
253 485
253 548
253 550
253 618
254 505
254 838
254 922
255 579
255 778
256 460
256 583
256 869
257 382
257 756
257 876
258 549
258 568
258 577
258 793
258 798
259 385
259 697
259 750
259 881
260 410
260 592
260 604
260 656
260 896
260 957
260 988
261 338
261 507
261 515
261 775
261 829
261 934
261 948
262 499
262 562
262 643
262 819
262 822
262 840
262 867
263 502
263 614
263 769
264 317
264 453
264 492
264 592
264 604
264 614
264 984
265 357
265 995
266 404
266 538
266 945
266 995
267 650
267 677
267 706
267 843
267 955
268 320
268 420
268 685
268 711
268 778
268 794
268 909
268 956
269 570
269 580
269 783
269 840
270 597
270 703
271 425
271 488
271 519
272 596
272 756
272 769
273 433
273 565
273 710
274 294
274 361
274 503
274 708
274 786
275 431
275 486
275 501
275 781
275 844
276 369
276 497
276 628
276 957
276 965
277 354
279 336
279 569
279 573
279 998
280 446
280 561
280 690
280 752
280 956
281 855
282 319
282 547
282 610
282 991
283 418
283 549
283 720
283 768
283 785
284 735
284 785
284 887
284 971
285 777
285 876
286 312
286 368
286 423
286 560
286 984
287 537
287 547
287 594
287 635
287 637
287 747
287 851
287 932
287 963
288 372
288 459
288 533
288 607
288 754
288 760
288 849
288 904
289 457
289 635
289 664
289 901
289 902
290 418
290 507
290 731
290 929
291 883
292 623
292 682
292 774
293 427
293 692
293 706
293 913
294 360
294 501
294 611
294 821
294 848
294 869
295 463
295 474
295 488
295 587
296 500
296 834
297 515
297 579
297 794
298 763
298 764
298 906
298 934
299 509
300 348
300 839
301 343
301 376
301 426
301 485
301 981
302 425
302 465
302 624
302 894
303 623
303 904
304 339
304 669
304 685
304 770
305 840
305 870
305 951
305 987
306 523
306 658
306 707
306 736
307 616
307 771
307 805
307 949
308 604
308 627
308 696
309 371
309 436
309 503
309 584
309 976
310 500
310 543
310 782
311 845
312 497
312 510
312 766
313 330
313 425
313 479
314 707
315 554
315 663
315 679
315 686
316 487
316 647
316 906
317 448
317 664
317 744
318 734
318 875
318 897
319 351
319 432
319 520
319 758
319 987
320 571
320 597
320 656
320 796
321 545
321 898
321 901
322 368
322 405
322 627
322 677
323 477
323 690
324 363
324 501
324 557
324 630
324 638
324 824
325 386
325 699
325 766
326 872
327 339
327 427
327 442
327 625
327 666
327 729
328 432
328 550
328 579
328 758
329 629
330 352
330 661
330 662
331 579
331 836
331 943
331 967
332 402
332 451
332 505
332 656
332 839
333 697
333 770
333 851
334 369
334 881
335 369
335 375
335 691
335 866
335 947
335 948
335 985
336 818
336 893
337 723
337 838
337 973
338 343
338 549
338 603
339 343
339 421
339 790
339 819
339 834
340 374
340 657
340 703
341 373
341 560
341 578
341 609
341 671
342 506
342 600
342 744
342 818
342 820
342 970
343 581
343 699
343 959
344 534
344 610
344 706
344 819
344 873
344 918
345 435
345 464
345 518
345 570
345 739
345 834
345 954
346 867
346 960
347 486
347 869
347 902
348 393
348 817
349 457
349 797
349 944
350 439
350 758
350 819
350 837
350 858
351 625
351 848
352 518
352 676
352 726
352 862
354 516
354 535
354 693
354 820
356 372
356 763
356 850
357 690
358 450
358 613
358 719
358 763
358 816
359 463
359 472
359 594
359 618
360 572
360 949
361 378
361 408
361 525
362 628
363 406
363 848
363 880
364 394
364 771
364 785
364 868
365 549
365 849
366 370
366 522
366 540
366 691
367 735
367 891
368 381
368 467
368 492
368 617
369 516
369 523
369 910
369 980
370 373
370 390
370 529
371 401
371 481
371 488
371 543
371 569
371 606
371 717
373 401
373 557
373 648
373 722
373 772
373 875
374 431
374 955
375 585
375 586
375 822
376 543
376 696
376 765
376 949
376 993
377 717
377 736
377 761
377 817
378 757
378 835
379 698
379 724
379 899
379 949
380 839
381 457
381 720
382 534
382 565
383 417
383 518
383 669
383 747
383 813
383 841
384 401
384 486
384 593
385 560
385 576
385 732
385 916
386 427
386 493
386 877
386 938
388 647
388 846
388 852
388 906
389 473
389 514
389 551
389 626
389 669
389 738
389 761
389 837
390 607
390 633
390 721
390 776
390 922
390 979
391 620
391 790
391 835
392 568
392 759
393 450
393 861
394 786
395 506
395 642
395 756
395 929
395 993
396 804
396 970
397 459
397 858
397 860
397 883
397 993
397 998
399 724
399 728
399 801
400 608
401 511
401 660
401 729
401 732
402 499
402 615
402 669
402 904
402 909
403 649
403 688
403 868
403 939
403 959
404 666
405 423
405 561
405 590
405 614
405 647
405 737
405 937
406 765
406 790
407 554
407 703
407 961
407 963
408 447
408 750
408 873
408 885
409 457
409 738
409 996
410 854
411 463
411 811
411 839
412 421
413 417
414 476
414 552
414 565
414 673
415 463
415 489
415 799
415 825
416 674
416 721
416 877
417 584
417 782
417 842
418 550
418 787
419 641
419 699
419 797
420 557
420 934
421 424
421 679
421 790
421 832
421 872
422 458
422 712
422 774
423 490
423 852
424 902
425 531
425 750
425 756
425 882
426 480
426 906
426 932
427 688
427 875
427 944
428 582
428 585
428 626
428 650
428 687
428 802
428 974
429 531
429 881
429 952
431 520
431 741
431 925
432 479
432 513
433 485
433 605
433 782
433 810
433 889
434 437
434 462
434 557
435 554
435 631
435 874
437 620
437 667
437 680
437 747
437 810
437 867
437 919
437 920
438 588
439 546
439 800
439 948
440 464
440 507
440 675
440 739
440 972
441 636
442 450
442 592
442 678
443 487
443 643
443 720
443 805
444 551
444 708
444 718
444 759
444 773
444 863
444 887
444 950
445 567
445 755
445 896
446 529
446 984
447 802
447 988
448 744
448 764
448 878
449 731
450 647
450 764
450 993
451 645
452 611
452 913
453 498
453 542
453 582
453 636
453 683
453 964
454 883
455 508
455 516
455 746
456 502
456 671
456 995
457 750
457 920
458 589
458 634
458 638
458 685
458 982
459 745
460 805
460 944
461 569
461 673
461 867
462 806
462 923
463 564
463 677
464 769
464 894
465 737
466 579
466 609
466 730
466 758
467 494
467 512
467 574
467 681
467 881
468 639
469 996
470 476
470 654
470 702
470 939
470 956
471 664
472 571
472 811
474 683
474 815
474 844
474 967
475 705
475 852
476 737
477 571
477 689
479 510
479 598
479 833
480 960
481 486
481 762
482 575
482 792
482 839
482 878
483 790
483 934
484 746
484 967
485 496
485 769
486 722
486 980
487 653
487 862
488 605
488 729
488 829
488 859
488 903
489 518
489 641
490 577
490 969
490 976
491 582
491 824
491 897
492 654
492 729
492 738
493 513
493 589
493 732
493 821
493 942
494 830
495 587
495 598
495 948
496 600
496 612
496 697
496 776
496 777
496 811
496 970
497 936
499 590
499 773
499 877
500 526
500 553
500 781
500 844
501 512
502 553
503 912
504 882
505 698
506 582
507 525
507 635
507 704
507 788
507 849
508 626
508 708
508 939
509 613
509 893
509 986
510 586
510 676
511 608
511 698
511 873
512 702
512 788
512 945
513 547
513 763
513 812
513 823
514 569
514 625
515 804
515 850
515 923
515 966
516 574
516 788
517 524
517 643
517 749
518 628
518 828
518 862
518 999
519 614
519 671
519 765
520 863
521 606
521 740
522 715
522 725
524 606
525 573
525 822
525 867
526 985
528 806
528 877
530 583
530 923
530 953
531 632
531 747
533 567
533 787
533 826
533 867
534 586
534 629
534 670
534 939
534 948
535 585
535 724
535 989
535 996
536 879
536 966
537 569
538 869
539 668
539 671
539 694
539 925
541 569
541 885
542 995
543 806
543 855
543 947
545 593
545 957
545 983
546 753
546 807
546 829
546 849
546 862
546 917
546 946
547 789
547 837
547 930
548 826
548 968
549 711
550 683
550 685
550 763
550 926
550 954
551 616
552 559
552 674
552 703
552 867
552 886
553 822
553 974
554 826
554 892
556 591
556 624
556 702
556 841
556 985
557 591
557 877
558 941
559 833
559 961
560 602
560 856
560 907
560 928
561 579
561 969
562 639
562 914
563 662
563 878
564 719
564 753
565 579
565 580
565 742
566 697
566 730
566 752
567 608
567 653
567 733
568 693
568 742
569 898
570 625
571 625
572 601
572 874
573 796
574 968
575 850
575 971
576 871
577 590
578 989
578 990
579 780
579 809
579 934
580 844
580 933
581 815
581 999
583 644
583 754
583 927
583 952
585 653
585 657
585 658
585 893
586 638
586 642
586 761
586 781
586 820
586 928
586 937
587 604
587 644
587 728
587 957
588 820
589 796
591 592
591 864
592 663
592 913
592 944
592 950
593 883
594 792
594 946
595 629
595 988
596 665
597 681
597 752
597 953
598 608
598 624
598 881
598 961
598 997
599 605
600 668
600 675
601 685
601 842
601 862
601 989
602 671
602 741
602 963
603 847
604 802
605 759
605 853
605 908
606 632
606 666
608 723
608 760
609 623
609 717
609 814
611 751
611 986
612 695
612 733
612 755
613 665
613 825
613 868
613 907
614 641
614 988
615 830
616 654
616 701
616 812
617 678
618 642
618 680
618 845
618 850
618 926
618 990
619 632
619 857
620 954
621 783
621 953
622 673
622 878
622 905
623 728
623 912
624 803
624 891
624 949
625 781
626 861
627 662
627 703
627 724
628 715
628 808
628 899
629 654
629 655
629 750
630 668
630 798
630 844
632 874
633 681
634 925
634 934
634 957
635 786
636 648
636 987
637 868
638 795
639 835
639 896
640 829
640 836
640 898
641 711
641 803
641 819
642 800
642 852
642 952
643 789
643 809
643 826
644 729
645 704
646 657
646 911
646 987
647 695
647 813
647 842
647 951
648 677
649 868
649 951
650 993
651 804
653 757
654 718
654 920
655 788
655 988
656 713
656 718
656 818
657 830
658 820
658 887
658 899
658 907
658 982
660 833
660 881
662 811
663 672
664 726
665 674
665 740
665 792
665 823
665 964
666 723
666 846
667 988
668 877
668 889
669 880
669 903
670 820
670 990
671 717
671 813
671 860
671 981
672 935
673 851
673 924
674 861
674 879
675 738
675 767
676 740
676 820
676 826
677 975
677 990
678 752
678 764
678 804
678 857
678 858
679 816
679 937
680 731
680 797
680 910
681 815
681 924
682 732
683 760
684 760
685 699
686 892
687 883
687 898
688 721
688 768
688 803
689 757
689 760
689 878
690 897
691 731
692 782
692 899
692 961
693 836
693 906
694 864
694 914
695 838
696 853
696 962
697 705
697 786
701 812
701 948
702 975
703 885
703 955
704 770
704 800
704 893
704 918
705 763
705 832
705 857
705 938
705 956
706 774
706 780
706 807
706 893
707 737
707 860
707 983
709 946
710 741
711 745
711 982
712 734
712 967
712 973
713 977
713 988
714 988
715 726
715 853
717 961
718 733
718 813
718 902
719 741
719 983
721 782
721 875
721 903
721 940
721 946
721 980
722 844
724 759
724 821
724 845
724 915
725 813
725 860
725 918
726 859
726 953
727 764
727 818
727 867
728 738
729 841
729 877
732 918
733 992
734 769
735 755
735 892
735 996
736 739
736 800
736 945
736 992
737 803
737 846
737 879
737 943
739 961
741 758
741 824
741 906
741 962
744 815
744 957
745 784
745 874
746 809
746 878
746 913
746 940
749 866
750 936
751 821
751 921
752 788
754 782
754 874
754 950
757 786
757 852
757 906
757 972
758 781
758 934
759 807
759 891
761 762
761 823
762 778
762 923
764 867
764 909
764 950
769 824
770 899
772 777
772 780
775 934
776 814
776 826
779 846
780 796
781 862
782 990
783 909
785 843
785 853
785 918
785 923
786 858
787 791
787 893
788 950
788 982
791 910
792 951
793 848
793 935
793 962
794 848
795 800
795 821
795 973
796 923
797 826
797 959
797 964
798 920
799 841
802 979
803 888
804 861
805 830
808 905
811 895
813 882
814 912
817 852
820 976
822 847
822 901
822 961
823 946
824 931
824 996
828 915
832 912
832 923
833 879
833 927
833 935
834 846
836 934
836 982
839 996
840 852
840 886
840 924
842 963
843 886
844 853
844 901
844 961
848 986
849 999
850 851
850 885
851 860
853 911
856 946
858 868
859 873
862 873
862 921
862 949
862 960
863 969
865 889
865 918
866 870
867 912
867 938
869 997
871 894
871 898
872 878
873 997
874 945
874 950
874 979
876 949
881 907
882 962
884 966
885 919
885 944
886 965
887 893
889 897
892 910
892 927
894 898
894 949
895 931
896 956
897 907
897 988
900 968
901 933
904 941
904 960
906 975
909 986
914 931
916 967
916 978
922 941
927 983
930 934
932 933
934 972
935 937
937 965
947 990
955 958
956 963
959 988
973 987
985 995
991 997
992 993