middle line:
 [0, 0, 0, 0, 0, 0, 0, 0, 0, 0, 0, 0, 0, 81, 244, 255, 226, 94, 5, 38, 208, 199, 255, 255, 255, 255, 255, 252, 179, 60, 183, 244, 249, 255, 255, 255, 255, 255, 255, 255, 231, 181, 53, 0, 0, 67, 245, 255, 255, 255, 239, 236, 255, 255, 255, 255, 255, 255, 255, 255, 255, 255, 255, 255, 255, 255, 255, 255, 255, 255, 114, 0, 0, 0, 0, 0, 0, 0, 0, 0, 56, 198, 255, 255, 255, 255, 255, 255, 255, 255, 255, 255, 255, 180, 59, 1, 0, 1, 93, 222, 255, 255, 177, 14, 0, 0, 0, 0, 0, 0, 0, 0, 0, 0, 0, 0, 0, 0, 0, 0, 0, 0, 0, 0, 0, 0, 0, 0]
middle line after quantization:
 [0, 0, 0, 0, 0, 0, 0, 0, 0, 0, 0, 0, 0, 80, 240, 260, 220, 100, 0, 40, 200, 200, 260, 260, 260, 260, 260, 260, 180, 60, 180, 240, 240, 260, 260, 260, 260, 260, 260, 260, 240, 180, 60, 0, 0, 60, 240, 260, 260, 260, 240, 240, 260, 260, 260, 260, 260, 260, 260, 260, 260, 260, 260, 260, 260, 260, 260, 260, 260, 260, 120, 0, 0, 0, 0, 0, 0, 0, 0, 0, 60, 200, 260, 260, 260, 260, 260, 260, 260, 260, 260, 260, 260, 180, 60, 0, 0, 0, 100, 220, 260, 260, 180, 20, 0, 0, 0, 0, 0, 0, 0, 0, 0, 0, 0, 0, 0, 0, 0, 0, 0, 0, 0, 0, 0, 0, 0, 0]
unique characters:
 [0, 260, 100, 40, 200, 60, 240, 80, 180, 20, 120, 220]
unique len:
 12
unique count:
 [[52, 0], [48, 260], [2, 100], [1, 40], [3, 200], [5, 60], [7, 240], [1, 80], [5, 180], [1, 20], [1, 120], [2, 220]]
unique frequency:
 [[0.40625, 0], [0.375, 260], [0.0546875, 240], [0.0390625, 180], [0.0390625, 60], [0.0234375, 200], [0.015625, 220], [0.015625, 100], [0.0078125, 120], [0.0078125, 80], [0.0078125, 40], [0.0078125, 20]]
entropy:
 2.186510013410995
middle len bincode:
 3
binary uniform one character code: 
 [['0000', 220], ['0001', 0], ['0010', 260], ['0011', 100], ['0100', 40], ['0101', 200], ['0110', 60], ['0111', 240], ['1000', 80], ['1001', 180], ['1010', 20], ['1011', 120]]
